2123.68
0.00729865, -0.027264
0.0171401, 0.000489716
1.04, -36.4
57.9, 15.5
3.64, 202.65
-127.4, 54.25
1.0327, 57.9273
-36.4171, 15.4995
0, 94.3
-94.3, 0
1.0816, -2107.56
-2107.56, 240.25
142.492, -2123.68
-2123.68, 31651
57.9
-325550
0.0148572, 0.0165543, -0.0110777
-0.0143175, -0.0192114, 0.0306225
-0.00993272, 0.000237741, 0.00165006
12.69, 91.33, 63.23
9.75, 27.84, 54.68
-95.75, 96.48, 15.76
44.415, 34.125, -335.125
319.655, 97.44, 337.68
221.305, 191.38, 55.16
12.6751, 9.73345, -95.7389
91.3443, 27.8592, 96.4494
63.2399, 54.6798, 15.7583
0, -81.58, -158.98
81.58, 0, 41.8
158.98, -41.8, 0
161.036, 890.467, -6054.27
890.467, 775.066, 5275.53
-6054.27, 5275.53, 248.378
854.131, 588.97, 8643.47
-6378.91, -1449.14, 3150.62
-6365.83, 229998, 9551.17
9.75
-1.89038e+07
-0.0378778, 0.0375707, -0.000507672, 0.0138063
-0.00893968, 0.000252638, 0.0011236, 0.00985863
0.0139243, -0.0149316, -0.0116987, 0.00806653
0.0344082, -0.0236655, 0.0127163, -0.0211373
97.05, 95.71, 48.53, 80.02
-14.18, -42.17, 91.57, 79.22
95.94, 65.57, 3.57, 84.91
93.39, 67.87, 75.77, 74.31
339.675, -49.63, 335.79, 326.865
334.985, -147.595, 229.495, 237.545
169.855, 320.495, 12.495, 265.195
280.07, 277.27, 297.185, 260.085
97.0879, -14.2176, 95.9405, 93.3762
95.7189, -42.1703, 65.5689, 67.8601
48.5161, 91.5849, 3.5817, 75.7619
79.9856, 79.2437, 84.8973, 74.3311
0, -109.89, 47.41, 13.37
109.89, 0, -26, -11.35
-47.41, 26, 0, -9.14
-13.37, 11.35, 9.14, 0
9418.7, -1357.17, 4655.97, 7473.07
-1357.17, 1778.31, 6004.24, 5376.66
4655.97, 6004.24, 12.7449, 6433.63
7473.07, 5376.66, 6433.63, 5521.98
-2562.19, -377.421, -188980, 6764.28
-10706.2, -166919, 58356.9, 6884.32
3485.27, -6132.64, -305.162, 9393.13
2325.61, -3347.49, 6677.26, -3515.58
-14.18
-68
0, 0
0, 0
5, 6
8, -4
15, 24
18, -12
5, 8
6, -4
0, 2
-2, 0
25, 48
48, 16
5, 8
6, -4
8
19065
0, 0, 0
0, 0, 0
0, 0, 0
56, 54, 21
1, 18, 3
-7, -61, 9
168, 3, -21
162, 54, -183
63, 9, 27
56, 1, -7
54, 18, -61
21, 3, 9
0, -53, -28
53, 0, -64
28, 64, 0
3136, 54, -147
54, 324, -183
-147, -183, 81
56, 1, -7
54, 18, -61
21, 3, 9
1
28331472
0, 0, 0, 0
0, 0, 0, 0
0, 0, 0, 0
0, 0, 0, 0
24, -42, 39, -33
-28, -66, 71, 13
19, 16, -75, 6
97, 84, 57, 47
72, -84, 57, 291
-126, -198, 48, 252
117, 213, -225, 171
-99, 39, 18, 141
24, -28, 19, 97
-42, -66, 16, 84
39, 71, -75, 57
-33, 13, 6, 47
0, 14, -20, 130
-14, 0, -55, 71
20, 55, 0, 51
-130, -71, -51, 0
576, 1176, 741, -3201
1176, 4356, 1136, 1092
741, 1136, 5625, 342
-3201, 1092, 342, 2209
24, -28, 19, 97
-42, -66, 16, 84
39, 71, -75, 57
-33, 13, 6, 47
-28
8054.44+6297.67i
0.00439928-0.00620964i, -0.00239312-0.00246683i
0.00663006-0.00631005i, 0.0100594+0.000219632i
79.64-65.12i, -93.14-9.07i
3.74-34.94i, 74.54+22.31i
278.74+227.92i, 13.09+122.29i
-325.99+31.745i, 260.89-78.085i
79.6356+65.1262i, 3.74239+34.9425i
-93.1466+9.07631i, 74.5299-22.3102i
0+130.24i, 96.88+44.01i
-96.88+44.01i, 0-44.62i
10583.1+0i, -31.4378-3288.23i
-31.4378+3288.23i, 6053.95+0i
-932.655+13486i, -8054.44-6297.67i
-8054.44-6297.67i, 7358.03-2378.47i
3.74+34.94i
58439.9+72572i
0.0260949+0.0197965i, -0.049882+0.0417334i, 0.00340262+0.00925629i
0.00490209+0.0140441i, -0.0241115-0.0237655i, -0.00247346+0.00698035i
0.00421753-0.0065633i, 0.0406953+0.0211903i, 0.0111232-0.00494128i
19.34+31.97i, 1.09+11.47i, -35.48-47.66i
36.01-5.81i, 12.88-27.07i, 28.23+91.99i
-7.18+30.81i, 8.13-4.15i, 82.92-13.61i
67.69-111.895i, 126.035+20.335i, -25.13-107.835i
3.815-40.145i, 45.08+94.745i, 28.455+14.525i
-124.18+166.81i, 98.805-321.965i, 290.22+47.635i
19.3139-31.9898i, 36.0599+5.76827i, -7.1834-30.8193i
1.0851-11.484i, 12.9041+27.0938i, 8.13247+4.14302i
-35.4842+47.6666i, 28.1893-92.0112i, 82.9089+13.6149i
0-63.94i, 34.92-5.66i, 28.3+16.85i
-34.92-5.66i, 0+54.14i, -20.1-87.84i
-28.3+16.85i, 20.1-87.84i, 0+27.22i
1396.12+0i, -27.3898+419.368i, -1213.66+1435.34i
-27.3898-419.368i, 898.679+0i, -152.249+865.033i
-1213.66-1435.34i, -152.249-865.033i, 7060.96+0i
-119.511-1134.48i, -367.333-423.801i, -3183.5-394.57i
-703.866-323.297i, -832.244-302.399i, 161.536-1221.94i
-7597.94-523.433i, -380.243-2062.46i, 5772.08+3787.72i
36.01+5.81i
2.95858e+07+1.74635e+07i
-0.0109978-0.00528808i, -0.00821779-0.0101963i, 0.00818372-0.000375179i, 0.00487329+0.0240145i
0.00464437-0.00939497i, -0.00109646-0.0109302i, 0.00424568+0.00813598i, -0.00807005+0.00643999i
0.00121399-0.00719859i, -0.00166539-0.0101053i, 0.0188971-1.56228e-05i, -0.00839152+0.0101257i
-0.00538308+0.00120489i, 0.00710631-0.0013254i, -0.00454213+0.00523176i, 0.00192711-0.00305439i
11.48+43.44i, 12.1+17.9i, -10.34+21.41i, 3.27+71.4i
34.17-78.16i, -31.17-71.93i, -28.57+9.51i, 48.81-42.79i
18.73-17.63i, 66.54-4.24i, 65.42-25.83i, 33.35-3.8i
-69.11-48.73i, 62.02-67i, 4.79-14.97i, 39.27-59.44i
40.18-152.04i, 119.595+273.56i, 65.555+61.705i, -241.885+170.555i
42.35-62.65i, -109.095+251.755i, 232.89+14.84i, 217.07+234.5i
-36.19-74.935i, -99.995-33.285i, 228.97+90.405i, 16.765+52.395i
11.445-249.9i, 170.835+149.765i, 116.725+13.3i, 137.445+208.04i
11.491-43.4347i, 34.1782+78.1702i, 18.7218+17.6304i, -69.1149+48.706i
12.0954-17.8906i, -31.1689+71.9409i, 66.5358+4.23186i, 62.0281+66.9936i
-10.3412-21.4028i, -28.5683-9.49989i, 65.4011+25.83i, 4.79839+14.9599i
3.27538-71.4012i, 48.8029+42.7913i, 33.3545+3.79477i, 39.2681+59.4431i
0-86.88i, 22.07+60.26i, 29.07-3.78i, -72.38-22.67i
-22.07+60.26i, 0+143.86i, 95.11-5.27i, 13.21+109.79i
-29.07-3.78i, -95.11-5.27i, 0+51.66i, -28.56+18.77i
72.38-22.67i, -13.21+109.79i, 28.56+18.77i, 0+118.88i
2018.82+0i, -985.607+1557.38i, -571.127+218.715i, -3705.31-4775.11i
-985.607-1557.38i, 6145.49+0i, -1941.37+511.659i, 5894.13+616.434i
-571.127-218.715i, -1941.37-511.659i, 4946.97+0i, 216.632+481.048i
-3705.31+4775.11i, 5894.13-616.434i, 216.632-481.048i, 5075.25+0i
694.756+3615.83i, -6284.34-1713.7i, 2185.33+2254.46i, 1388.03+3159.52i
2042.75+278.096i, -6232.09-3476.91i, 3764-6214.28i, -647.52-8819.03i
2656.41-1884.38i, 1369.82-2601.47i, 3460.77+1369.73i, 644.048-1006.79i
-3405.67+12501.5i, 5552.34+7056.97i, -2741.53-3994.38i, -8117.39+17978.4i
34.17+78.16i
